[JOB 0 START]
36 134
28 44
113 122
61 89
201 216
214 230
157 223
37 193
71 137
169 224
30 77
82 97
125 200
34 85
220 251
94 218
190 249
21 106
166 241
259 270
4 133
265 268
132 176
120 164
179 186
7 22
114 196
65 123
46 78
75 153
19 84
73 245
210 243
2 215
68 227
217 240
1 12
49 138
93 112
5 87
27 199
108 250
144 177
47 183
58 171
76 213
81 91
105 255
110 161
117 264
145 225
178 231
10 263
20 92
142 185
181 254
209 234
50 189
121 128
66 126
88 115
56 72
69 172
31 90
256 261
155 198
25 96
191 219
17 119
32 182
154 246
38 57
239 269
159 202
15 103
167 184
156 206
29 229
80 148
3 62
208 233
11 168
98 211
111 226
86 116
0 45
41 248
64 70
102 158
152 253
16 228
74 162
26 165
237 252
118 244
51 136
54 143
60 232
149 205
174 194
135 187
6 104
147 170
99 127
55 107
53 173
109 175
9 101
83 95
203 242
247 260
67 130
24 79
48 163
100 151
43 52
13 139
197 262
14 146
40 222
192 238
23 42
131 141
129 267
18 39
266 271
8 160
204 212
33 59
235 236
35 188
124 180
195 207
257 258
63 221
140 150
[JOB 0 END]
